-48 -63 1
-48 -63 1
-48 -63 1
-45 -66 1
-45 -66 1
-45 -66 1
-46 -61 1
-46 -61 1
-46 -61 1
-50 -62 1
-50 -62 1
-50 -62 1
-51 -62 1
-51 -62 1
-51 -62 1
-49 -61 1
-49 -61 1
-49 -61 1
-50 -61 1
-50 -61 1
-50 -61 1
-48 -62 1
-48 -62 1
-48 -62 1
-49 -63 1
-49 -63 1
-49 -63 1
-51 -63 1
-51 -63 1
-51 -63 1
-51 -63 1
-51 -63 1
-51 -63 1
-51 -64 1
-51 -64 1
-51 -64 1
-53 -64 1
-53 -64 1
-53 -64 1
-51 -65 1
-51 -65 1
-51 -64 1
-51 -64 1
-51 -64 1
-51 -64 1
-51 -64 1
-51 -64 1
-52 -63 1
-52 -63 1
-52 -63 1
-51 -64 1
-51 -64 1
-51 -64 1
-51 -67 1
-51 -67 1
-51 -67 1
-51 -73 1
-51 -73 1
-51 -73 1
-50 -65 1
-50 -65 1
-50 -65 1
-51 -66 1
-51 -66 1
-51 -66 1
-50 -64 1
-50 -64 1
-50 -64 1
-51 -65 1
-51 -65 1
-51 -65 1
-52 -60 1
-52 -60 1
-52 -60 1
-53 -62 1
-53 -62 1
-50 -55 1
-50 -55 1
-50 -55 1
-47 -45 1
-47 -45 1
-47 -45 1
-48 -58 1
-48 -58 1
-48 -58 1
-45 -61 1
-45 -61 1
-45 -61 1
-45 -64 1
-45 -64 1
-45 -64 1
-46 -64 1
-46 -64 1
-46 -64 1
-46 -67 1
-46 -67 1
-46 -67 1
-46 -70 1
-46 -70 1
-46 -70 1
-44 -62 1
-44 -62 1
-44 -62 1
-46 -69 1
-46 -69 1
-46 -69 1
-46 -60 1
-46 -60 1
-46 -60 1
-46 -65 1
-46 -65 1
-47 -69 1
-47 -69 1
-47 -69 1
-48 -64 1
-48 -64 1
-48 -64 1
-48 -68 1
-48 -68 1
-48 -68 1
-47 -60 1
-47 -60 1
-47 -60 1
-47 -63 1
-47 -63 1
-47 -63 1
-48 -68 1
-48 -68 1
-48 -68 1
-47 -63 1
-47 -63 1
-47 -63 1
-48 -69 1
-48 -69 1
-48 -69 1
-47 -64 1
-47 -64 1
-47 -64 1
-47 -61 1
-47 -61 1
-47 -61 1
-47 -62 1
-47 -62 1
-47 -64 1
-47 -64 1
-47 -64 1
-47 -63 1
-47 -63 1
-47 -63 1
-47 -64 1
-47 -64 1
-47 -64 1
-47 -63 1
-47 -63 1
-47 -63 1
-48 -64 1
-48 -64 1
-48 -64 1
-49 -67 1
-49 -67 1
-49 -67 1
-47 -68 1
-47 -68 1
-47 -68 1
-47 -64 1
-47 -64 1
-47 -64 1
-47 -65 1
-47 -65 1
-47 -65 1
-46 -65 1
-46 -65 1
-46 -65 1
-48 -64 1
-48 -64 1
-48 -64 1
-48 -64 1
-48 -64 1
-47 -64 1
-47 -64 1
-47 -64 1
-47 -64 1
-47 -64 1
-47 -64 1
-47 -66 1
-47 -66 1
-47 -66 1
-48 -66 1
-48 -66 1
-48 -66 1
-48 -65 1
-48 -65 1
-48 -65 1
-48 -65 1
-48 -65 1
-48 -65 1
-47 -66 1
-47 -66 1
-47 -66 1
-46 -64 1
-46 -64 1
-47 -63 2
-44 -63 2
-44 -63 2
-44 -63 2
-46 -64 2
-46 -64 2
-46 -64 2
-45 -63 2
-45 -63 2
-45 -63 2
-46 -62 2
-46 -62 2
-45 -65 2
-45 -65 2
-45 -65 2
-47 -62 2
-47 -62 2
-47 -62 2
-48 -61 2
-48 -61 2
-48 -61 2
-49 -65 2
-49 -65 2
-49 -65 2
-46 -65 2
-46 -65 2
-46 -65 2
-46 -65 2
-46 -65 2
-46 -65 2
-47 -66 2
-47 -66 2
-47 -66 2
-48 -63 2
-48 -63 2
-48 -63 2
-50 -62 2
-50 -62 2
-49 -62 2
-49 -62 2
-49 -62 2
-50 -62 2
-50 -62 2
-50 -62 2
-54 -63 2
-54 -63 2
-54 -63 2
-53 -61 2
-53 -61 2
-53 -61 2
-48 -61 2
-48 -61 2
-48 -61 2
-56 -60 2
-56 -60 2
-56 -60 2
-47 -72 2
-47 -72 2
-47 -72 2
-45 -67 2
-45 -67 2
-45 -67 2
-46 -64 2
-46 -64 2
-46 -63 2
-46 -63 2
-46 -63 2
-46 -64 2
-46 -64 2
-46 -64 2
-46 -66 2
-46 -66 2
-46 -66 2
-49 -63 2
-49 -63 2
-49 -63 2
-51 -61 2
-51 -61 2
-51 -61 2
-51 -62 2
-51 -62 2
-51 -62 2
-51 -64 2
-51 -64 2
-51 -64 2
-49 -62 2
-49 -62 2
-49 -62 2
-49 -63 2
-49 -63 2
-52 -64 2
-52 -64 2
-52 -64 2
-49 -63 2
-49 -63 2
-49 -63 2
-50 -63 2
-50 -63 2
-50 -63 2
-51 -62 2
-51 -62 2
-51 -62 2
-51 -63 2
-51 -63 2
-51 -63 2
-51 -62 2
-51 -62 2
-51 -62 2
-51 -62 2
-51 -62 2
-51 -62 2
-54 -60 2
-54 -60 2
-54 -60 2
-53 -64 2
-53 -64 2
-53 -64 2
-53 -61 2
-53 -61 2
-53 -61 2
-54 -62 2
-54 -62 2
-54 -62 2
-54 -61 2
-54 -61 2
-54 -63 2
-54 -63 2
-54 -63 2
-53 -61 2
-53 -61 2
-53 -61 2
-57 -59 2
-57 -59 2
-57 -59 2
-56 -63 2
-56 -63 2
-56 -63 2
-56 -61 2
-56 -61 2
-56 -61 2
-48 -63 2
-48 -63 2
-48 -63 2
-51 -64 2
-51 -64 2
-51 -64 2
-49 -66 2
-49 -66 2
-49 -66 2
-51 -65 2
-51 -65 2
-51 -65 2
-51 -65 2
-51 -65 2
-51 -65 2
-51 -62 2
-51 -62 2
-51 -62 2
-49 -63 2
-49 -63 2
-52 -64 2
-52 -64 2
-52 -64 2
-52 -74 2
-52 -74 2
-52 -74 2
-49 -65 2
-49 -65 2
-49 -65 2
-49 -46 2
-49 -46 2
-49 -46 2
-50 -68 2
-50 -68 2
-50 -68 2
-50 -66 2
-50 -66 2
-50 -66 2
-49 -64 2
-49 -64 2
-49 -64 2
-50 -66 2
-50 -66 2
-50 -66 2
-50 -64 2
-50 -64 2
-50 -64 2
-50 -63 2
-50 -63 2
-50 -63 2
-52 -64 2
-52 -64 2
-52 -64 2
-51 -67 2
-51 -67 2
-51 -69 2
-51 -69 2
-51 -69 2
-51 -69 2
-51 -69 2
-51 -69 2
-51 -67 2
-51 -67 2
-51 -67 2
-52 -72 2
-52 -72 2
-52 -72 2
-53 -72 2
-46 -70 3
-46 -76 3
-46 -76 3
-46 -76 3
-47 -71 3
-47 -71 3
-47 -71 3
-48 -63 3
-48 -63 3
-48 -63 3
-45 -63 3
-45 -63 3
-45 -63 3
-48 -62 3
-48 -62 3
-48 -62 3
-45 -63 3
-45 -63 3
-45 -63 3
-47 -63 3
-47 -63 3
-47 -63 3
-47 -46 3
-47 -46 3
-47 -46 3
-47 -63 3
-47 -63 3
-47 -63 3
-46 -66 3
-46 -66 3
-47 -58 3
-47 -58 3
-47 -58 3
-47 -60 3
-47 -60 3
-47 -60 3
-47 -59 3
-47 -59 3
-47 -59 3
-48 -60 3
-48 -60 3
-48 -60 3
-48 -61 3
-48 -61 3
-48 -61 3
-48 -58 3
-48 -58 3
-48 -58 3
-52 -61 3
-52 -61 3
-52 -61 3
-50 -61 3
-50 -61 3
-50 -61 3
-48 -61 3
-48 -61 3
-48 -61 3
-48 -62 3
-48 -62 3
-48 -62 3
-48 -66 3
-48 -66 3
-48 -66 3
-48 -61 3
-48 -61 3
-48 -48 3
-48 -48 3
-48 -48 3
-49 -67 3
-49 -67 3
-49 -67 3
-48 -62 3
-48 -62 3
-48 -62 3
-49 -63 3
-49 -63 3
-49 -63 3
-47 -46 3
-47 -46 3
-47 -46 3
-49 -63 3
-49 -63 3
-49 -63 3
-49 -68 3
-49 -68 3
-49 -68 3
-48 -64 3
-48 -64 3
-48 -64 3
-49 -64 3
-49 -64 3
-49 -64 3
-49 -62 3
-49 -62 3
-49 -62 3
-48 -60 3
-48 -60 3
-48 -60 3
-49 -64 3
-49 -64 3
-49 -68 3
-49 -68 3
-49 -68 3
-49 -61 3
-49 -61 3
-49 -61 3
-50 -68 3
-50 -68 3
-50 -68 3
-50 -70 3
-50 -70 3
-50 -70 3
-50 -69 3
-50 -69 3
-50 -69 3
-49 -65 3
-49 -65 3
-49 -65 3
-49 -66 3
-49 -66 3
-49 -66 3
-49 -72 3
-49 -72 3
-49 -72 3
-48 -62 3
-48 -62 3
-48 -62 3
-49 -71 3
-49 -71 3
-49 -71 3
-47 -65 3
-47 -65 3
-47 -65 3
-47 -71 3
-47 -71 3
-47 -70 3
-47 -70 3
-47 -70 3
-47 -67 3
-47 -67 3
-47 -67 3
-47 -67 3
-47 -67 3
-47 -67 3
-47 -72 3
-47 -72 3
-47 -72 3
-47 -62 3
-47 -62 3
-47 -62 3
-47 -62 3
-47 -62 3
-47 -62 3
-47 -69 3
-47 -69 3
-47 -69 3
-47 -60 3
-47 -60 3
-47 -60 3
-47 -63 3
-47 -63 3
-47 -63 3
-47 -68 3
-47 -68 3
-47 -68 3
-46 -61 3
-46 -61 3
-47 -58 3
-47 -58 3
-47 -58 3
-47 -66 3
-47 -66 3
-47 -66 3
-47 -61 3
-47 -61 3
-47 -61 3
-47 -59 3
-47 -59 3
-47 -59 3
-47 -60 3
-47 -60 3
-47 -60 3
-47 -61 3
-47 -61 3
-47 -61 3
-47 -60 3
-47 -60 3
-47 -60 3
-47 -58 3
-47 -58 3
-47 -58 3
-47 -61 3
-47 -61 3
-47 -61 3
-47 -63 3
-47 -63 3
-47 -63 3
-49 -68 3
-49 -68 3
-49 -68 3
-46 -69 3
-46 -69 3
-46 -69 3
-48 -66 4
-47 -61 4
-47 -61 4
-47 -61 4
-45 -65 4
-45 -65 4
-45 -65 4
-45 -69 4
-45 -69 4
-45 -69 4
-48 -62 4
-48 -62 4
-48 -62 4
-47 -60 4
-47 -60 4
-47 -60 4
-48 -58 4
-48 -58 4
-48 -58 4
-47 -59 4
-47 -59 4
-47 -59 4
-46 -64 4
-46 -64 4
-46 -64 4
-42 -65 4
-42 -65 4
-42 -65 4
-44 -64 4
-44 -64 4
-44 -64 4
-43 -65 4
-43 -65 4
-43 -65 4
-44 -64 4
-44 -64 4
-46 -68 4
-46 -68 4
-46 -68 4
-48 -64 4
-48 -64 4
-48 -64 4
-48 -69 4
-48 -69 4
-48 -69 4
-44 -47 4
-44 -47 4
-44 -47 4
-44 -66 4
-44 -66 4
-44 -66 4
-44 -63 4
-44 -63 4
-44 -63 4
-43 -60 4
-43 -60 4
-43 -60 4
-43 -60 4
-43 -60 4
-43 -60 4
-46 -60 4
-46 -60 4
-46 -60 4
-45 -61 4
-45 -61 4
-45 -61 4
-43 -63 4
-43 -63 4
-43 -63 4
-44 -64 4
-44 -64 4
-44 -64 4
-44 -64 4
-44 -64 4
-44 -68 4
-44 -68 4
-44 -68 4
-44 -69 4
-44 -69 4
-44 -69 4
-43 -69 4
-43 -69 4
-43 -69 4
-43 -69 4
-43 -69 4
-43 -69 4
-43 -69 4
-43 -69 4
-43 -69 4
-43 -69 4
-43 -69 4
-43 -69 4
-43 -68 4
-43 -68 4
-43 -68 4
-43 -69 4
-43 -69 4
-43 -69 4
-44 -65 4
-44 -65 4
-44 -65 4
-44 -64 4
-44 -64 4
-44 -64 4
-46 -65 4
-46 -65 4
-46 -65 4
-43 -46 4
-43 -46 4
-43 -66 4
-43 -66 4
-43 -66 4
-43 -71 4
-43 -71 4
-43 -71 4
-46 -71 4
-46 -71 4
-46 -71 4
-43 -67 4
-43 -67 4
-43 -67 4
-44 -52 4
-44 -52 4
-44 -52 4
-45 -65 4
-45 -65 4
-45 -65 4
-45 -59 4
-45 -59 4
-45 -59 4
-45 -66 4
-45 -66 4
-45 -66 4
-42 -57 4
-42 -57 4
-42 -57 4
-42 -61 4
-42 -61 4
-42 -61 4
-43 -69 4
-43 -69 4
-43 -69 4
-42 -63 4
-42 -63 4
-42 -62 4
-42 -62 4
-42 -62 4
-43 -65 4
-43 -65 4
-43 -65 4
-43 -66 4
-43 -66 4
-43 -66 4
-43 -66 4
-43 -66 4
-43 -66 4
-44 -67 4
-44 -67 4
-44 -67 4
-44 -67 4
-44 -67 4
-44 -67 4
-43 -67 4
-43 -67 4
-43 -67 4
-44 -68 4
-44 -68 4
-44 -68 4
-43 -65 4
-43 -65 4
-43 -65 4
-43 -66 4
-43 -66 4
-43 -66 4
-42 -67 4
-42 -67 4
-42 -67 4
-43 -66 4
-43 -66 4
-43 -66 4
-43 -66 4
-43 -66 4
-44 -63 4
-44 -63 4
-44 -63 4
-46 -60 4
-46 -60 4
-46 -60 4
-44 -61 4
-44 -61 4
-44 -61 4
-47 -59 4
-47 -59 4
-47 -59 4
-45 -59 4
-45 -59 4
-45 -59 4
-45 -58 4
-45 -58 4
-45 -58 4
-46 -59 4
-46 -58 5
-46 -58 5
-46 -58 5
-46 -55 5
-46 -55 5
-46 -55 5
-46 -55 5
-46 -55 5
-46 -55 5
-45 -55 5
-45 -55 5
-45 -55 5
-46 -55 5
-46 -55 5
-46 -55 5
-47 -56 5
-47 -56 5
-47 -56 5
-47 -56 5
-47 -56 5
-47 -56 5
-47 -56 5
-47 -56 5
-47 -56 5
-47 -56 5
-47 -56 5
-47 -56 5
-47 -56 5
-47 -56 5
-47 -56 5
-47 -56 5
-47 -56 5
-47 -56 5
-47 -55 5
-47 -55 5
-47 -54 5
-47 -54 5
-47 -54 5
-47 -55 5
-47 -55 5
-47 -55 5
-47 -58 5
-47 -58 5
-47 -58 5
-45 -63 5
-45 -63 5
-45 -63 5
-47 -56 5
-47 -56 5
-47 -56 5
-46 -54 5
-46 -54 5
-46 -54 5
-48 -59 5
-48 -59 5
-48 -59 5
-48 -57 5
-48 -57 5
-48 -57 5
-47 -59 5
-47 -59 5
-47 -59 5
-48 -61 5
-48 -61 5
-48 -61 5
-48 -57 5
-48 -57 5
-48 -57 5
-48 -60 5
-48 -60 5
-48 -60 5
-46 -56 5
-46 -56 5
-46 -56 5
-48 -56 5
-48 -56 5
-48 -58 5
-48 -58 5
-48 -58 5
-48 -56 5
-48 -56 5
-48 -56 5
-48 -57 5
-48 -57 5
-48 -57 5
-48 -58 5
-48 -58 5
-48 -58 5
-48 -56 5
-48 -56 5
-48 -56 5
-43 -55 5
-43 -55 5
-43 -55 5
-43 -53 5
-43 -53 5
-43 -53 5
-42 -51 5
-42 -51 5
-42 -51 5
-44 -55 5
-44 -55 5
-44 -55 5
-44 -57 5
-44 -57 5
-44 -57 5
-46 -55 5
-46 -55 5
-46 -55 5
-45 -56 5
-45 -56 5
-45 -56 5
-45 -57 5
-45 -57 5
-45 -57 5
-46 -55 5
-46 -55 5
-46 -55 5
-51 -70 5
-51 -70 5
-51 -70 5
-42 -54 5
-42 -54 5
-47 -54 5
-47 -54 5
-47 -54 5
-49 -48 5
-49 -48 5
-49 -48 5
-54 -51 5
-54 -51 5
-54 -51 5
-49 -52 5
-49 -52 5
-49 -52 5
-49 -50 5
-49 -50 5
-49 -50 5
-46 -50 5
-46 -50 5
-46 -50 5
-47 -51 5
-47 -51 5
-47 -51 5
-47 -51 5
-47 -51 5
-47 -51 5
-47 -50 5
-47 -50 5
-47 -50 5
-49 -50 5
-49 -50 5
-49 -50 5
-49 -46 5
-49 -46 5
-49 -46 5
-49 -50 5
-49 -50 5
-49 -50 5
-49 -50 5
-49 -50 5
-49 -51 5
-49 -51 5
-49 -51 5
-50 -50 5
-50 -50 5
-50 -50 5
-49 -48 5
-49 -48 5
-49 -48 5
-49 -49 5
-49 -49 5
-49 -49 5
-49 -50 5
-49 -50 5
-49 -50 5
-49 -50 5
-49 -50 5
-49 -50 5
-48 -46 5
-48 -46 5
-48 -46 5
-45 -54 5
-45 -54 5
-45 -54 5
-42 -54 5
-42 -54 5
-42 -54 5
-44 -54 5
-44 -54 5
-44 -54 5
-43 -53 5
-43 -53 5
-43 -53 5
-42 -55 5
-42 -55 5
-42 -55 5
-42 -55 5
-42 -55 5
-43 -54 5
-43 -54 5
-43 -54 5
-44 -55 5
-46 -54 6
-46 -54 6
-46 -54 6
-46 -55 6
-46 -55 6
-46 -55 6
-44 -62 6
-44 -62 6
-44 -62 6
-45 -59 6
-45 -59 6
-45 -59 6
-47 -57 6
-47 -57 6
-47 -57 6
-46 -57 6
-46 -57 6
-46 -57 6
-46 -57 6
-46 -57 6
-46 -57 6
-47 -60 6
-47 -60 6
-47 -60 6
-47 -59 6
-47 -59 6
-47 -59 6
-46 -58 6
-46 -58 6
-46 -58 6
-47 -61 6
-47 -61 6
-47 -61 6
-46 -60 6
-46 -60 6
-46 -64 6
-46 -64 6
-46 -64 6
-46 -64 6
-46 -64 6
-46 -64 6
-47 -64 6
-47 -64 6
-47 -64 6
-46 -62 6
-46 -62 6
-46 -62 6
-46 -63 6
-46 -63 6
-46 -63 6
-46 -62 6
-46 -62 6
-46 -62 6
-46 -63 6
-46 -63 6
-46 -63 6
-46 -62 6
-46 -62 6
-46 -62 6
-49 -65 6
-49 -65 6
-49 -65 6
-46 -62 6
-46 -62 6
-46 -62 6
-46 -62 6
-46 -62 6
-46 -62 6
-46 -61 6
-46 -61 6
-46 -61 6
-46 -61 6
-46 -61 6
-46 -61 6
-46 -61 6
-46 -61 6
-46 -64 6
-46 -64 6
-46 -64 6
-45 -59 6
-45 -59 6
-45 -59 6
-45 -62 6
-45 -62 6
-45 -62 6
-46 -62 6
-46 -62 6
-46 -62 6
-47 -62 6
-47 -62 6
-47 -62 6
-46 -62 6
-46 -62 6
-46 -62 6
-46 -62 6
-46 -62 6
-46 -62 6
-45 -62 6
-45 -62 6
-45 -62 6
-46 -60 6
-46 -60 6
-46 -60 6
-46 -60 6
-46 -60 6
-47 -61 6
-47 -61 6
-47 -61 6
-46 -63 6
-46 -63 6
-46 -63 6
-48 -59 6
-48 -59 6
-48 -59 6
-47 -61 6
-47 -61 6
-47 -61 6
-48 -61 6
-48 -61 6
-48 -61 6
-46 -60 6
-46 -60 6
-46 -60 6
-47 -61 6
-47 -61 6
-47 -61 6
-48 -61 6
-48 -61 6
-48 -61 6
-48 -61 6
-48 -61 6
-48 -61 6
-48 -61 6
-48 -61 6
-47 -61 6
-47 -61 6
-47 -61 6
-45 -63 6
-45 -63 6
-45 -63 6
-46 -63 6
-46 -63 6
-46 -63 6
-44 -60 6
-44 -60 6
-44 -60 6
-45 -62 6
-45 -62 6
-45 -62 6
-45 -62 6
-45 -62 6
-45 -62 6
-46 -63 6
-46 -63 6
-46 -63 6
-46 -63 6
-46 -63 6
-46 -64 6
-46 -64 6
-46 -64 6
-46 -63 6
-46 -63 6
-46 -63 6
-46 -63 6
-46 -63 6
-46 -63 6
-43 -60 6
-43 -60 6
-43 -60 6
-44 -62 6
-44 -62 6
-44 -62 6
-45 -59 6
-45 -59 6
-45 -59 6
-46 -61 6
-46 -61 6
-46 -61 6
-45 -61 6
-45 -61 6
-45 -61 6
-45 -60 6
-45 -60 6
-45 -63 6
-45 -63 6
-45 -63 6
-45 -63 6
-45 -63 6
-45 -63 6
-45 -64 6
-45 -64 6
-45 -64 6
-45 -63 6
-45 -63 6
-45 -63 6
-45 -63 6
-45 -63 6
-45 -63 6
-45 -63 6
-45 -63 6
-45 -63 6
-43 -52 7
-43 -52 7
-43 -52 7
-46 -52 7
-46 -52 7
-46 -52 7
-48 -54 7
-48 -54 7
-48 -54 7
-49 -55 7
-49 -55 7
-49 -55 7
-48 -54 7
-48 -54 7
-48 -54 7
-47 -55 7
-47 -55 7
-47 -55 7
-49 -56 7
-49 -56 7
-49 -56 7
-48 -56 7
-48 -56 7
-49 -56 7
-49 -56 7
-49 -56 7
-49 -56 7
-49 -56 7
-49 -56 7
-49 -56 7
-49 -56 7
-49 -56 7
-49 -57 7
-49 -57 7
-49 -57 7
-49 -55 7
-49 -55 7
-49 -55 7
-51 -56 7
-51 -56 7
-51 -56 7
-48 -56 7
-48 -56 7
-48 -56 7
-49 -55 7
-49 -55 7
-49 -55 7
-49 -56 7
-49 -56 7
-49 -56 7
-49 -56 7
-49 -56 7
-49 -56 7
-49 -56 7
-49 -56 7
-49 -54 7
-49 -54 7
-49 -54 7
-47 -53 7
-47 -53 7
-47 -53 7
-48 -53 7
-48 -53 7
-48 -53 7
-48 -54 7
-48 -54 7
-48 -54 7
-47 -54 7
-47 -54 7
-47 -54 7
-47 -55 7
-47 -55 7
-47 -55 7
-49 -55 7
-49 -55 7
-49 -55 7
-52 -53 7
-52 -53 7
-52 -53 7
-49 -56 7
-49 -56 7
-49 -56 7
-47 -51 7
-47 -51 7
-47 -51 7
-50 -54 7
-50 -54 7
-49 -54 7
-49 -54 7
-49 -54 7
-49 -54 7
-49 -54 7
-49 -54 7
-49 -53 7
-49 -53 7
-49 -53 7
-48 -54 7
-48 -54 7
-48 -54 7
-48 -54 7
-48 -54 7
-48 -54 7
-48 -53 7
-48 -53 7
-48 -53 7
-49 -52 7
-49 -52 7
-49 -52 7
-48 -53 7
-48 -53 7
-48 -53 7
-48 -52 7
-48 -52 7
-48 -52 7
-48 -52 7
-48 -52 7
-48 -52 7
-48 -52 7
-48 -52 7
-48 -52 7
-48 -52 7
-48 -52 7
-49 -52 7
-49 -52 7
-49 -52 7
-48 -54 7
-48 -54 7
-48 -54 7
-47 -53 7
-47 -53 7
-47 -53 7
-47 -55 7
-47 -55 7
-47 -55 7
-50 -52 7
-50 -52 7
-50 -52 7
-50 -51 7
-50 -51 7
-50 -51 7
-52 -51 7
-52 -51 7
-52 -51 7
-50 -51 7
-50 -51 7
-50 -51 7
-50 -51 7
-50 -51 7
-50 -51 7
-51 -52 7
-51 -52 7
-51 -52 7
-52 -53 7
-52 -53 7
-52 -53 7
-52 -53 7
-52 -53 7
-48 -53 7
-48 -53 7
-48 -53 7
-49 -53 7
-49 -53 7
-49 -53 7
-49 -53 7
-49 -53 7
-49 -53 7
-50 -53 7
-50 -53 7
-50 -53 7
-50 -52 7
-50 -52 7
-50 -52 7
-50 -52 7
-50 -52 7
-50 -52 7
-51 -53 7
-51 -53 7
-51 -53 7
-50 -53 7
-50 -53 7
-50 -53 7
-49 -56 7
-49 -56 7
-49 -56 7
-49 -52 7
-49 -52 7
-49 -52 7
-54 -53 7
-54 -53 7
-54 -53 7
-55 -53 7
-55 -53 7
-55 -53 7
-55 -53 7
-55 -53 7
-51 -49 7
-51 -49 7
-51 -49 7
-53 -48 7
-53 -48 7
-53 -48 7
-52 -49 7
-49 -49 8
-49 -49 8
-49 -49 8
-46 -44 8
-46 -44 8
-46 -44 8
-47 -46 8
-47 -46 8
-47 -46 8
-46 -47 8
-46 -47 8
-46 -47 8
-49 -47 8
-49 -47 8
-49 -47 8
-47 -47 8
-47 -47 8
-47 -47 8
-47 -45 8
-47 -45 8
-47 -45 8
-47 -47 8
-47 -47 8
-47 -47 8
-47 -47 8
-47 -47 8
-47 -47 8
-47 -45 8
-47 -45 8
-47 -45 8
-47 -48 8
-47 -48 8
-47 -48 8
-47 -46 8
-47 -46 8
-47 -46 8
-48 -47 8
-48 -47 8
-48 -47 8
-57 -46 8
-57 -46 8
-48 -45 8
-48 -45 8
-48 -45 8
-49 -46 8
-49 -46 8
-49 -46 8
-48 -45 8
-48 -45 8
-48 -45 8
-47 -47 8
-47 -47 8
-47 -47 8
-45 -46 8
-45 -46 8
-45 -46 8
-46 -44 8
-46 -44 8
-46 -44 8
-45 -43 8
-45 -43 8
-45 -43 8
-45 -51 8
-45 -51 8
-45 -51 8
-44 -49 8
-44 -49 8
-44 -49 8
-44 -46 8
-44 -46 8
-49 -46 8
-49 -46 8
-49 -46 8
-49 -45 8
-49 -45 8
-49 -45 8
-48 -45 8
-48 -45 8
-48 -45 8
-47 -44 8
-47 -44 8
-47 -44 8
-47 -46 8
-47 -46 8
-47 -46 8
-53 -46 8
-53 -46 8
-53 -46 8
-47 -44 8
-47 -44 8
-47 -44 8
-49 -44 8
-49 -44 8
-49 -44 8
-50 -44 8
-50 -44 8
-47 -44 8
-47 -44 8
-47 -44 8
-48 -44 8
-48 -44 8
-48 -44 8
-47 -47 8
-47 -47 8
-47 -47 8
-47 -44 8
-47 -44 8
-47 -44 8
-48 -46 8
-48 -46 8
-48 -46 8
-46 -43 8
-46 -43 8
-46 -43 8
-46 -45 8
-46 -45 8
-46 -45 8
-46 -46 8
-46 -46 8
-45 -45 8
-45 -45 8
-45 -45 8
-45 -41 8
-45 -41 8
-45 -41 8
-45 -44 8
-45 -44 8
-45 -44 8
-45 -42 8
-45 -42 8
-45 -42 8
-45 -45 8
-45 -45 8
-45 -45 8
-45 -47 8
-45 -47 8
-45 -47 8
-45 -47 8
-45 -47 8
-45 -47 8
-45 -46 8
-45 -46 8
-45 -46 8
-46 -46 8
-46 -46 8
-45 -48 8
-45 -48 8
-45 -48 8
-45 -50 8
-45 -50 8
-45 -50 8
-45 -48 8
-45 -48 8
-45 -48 8
-45 -47 8
-45 -47 8
-45 -47 8
-45 -49 8
-45 -49 8
-45 -49 8
-45 -50 8
-45 -50 8
-45 -50 8
-45 -46 8
-45 -46 8
-45 -46 8
-46 -45 8
-46 -45 8
-46 -43 8
-46 -43 8
-46 -43 8
-45 -44 8
-45 -44 8
-45 -44 8
-46 -43 8
-46 -43 8
-46 -43 8
-48 -45 8
-48 -45 8
-48 -45 8
-47 -47 8
-47 -47 8
-47 -47 8
-45 -44 8
-45 -44 8
-45 -44 8
-45 -44 8
-45 -44 8
-45 -44 8
-45 -42 8
-45 -42 8
-45 -42 8
-45 -45 8
-45 -45 8
-46 -47 8
-46 -47 8
-46 -47 8
-46 -44 8
-46 -44 8
-46 -44 8
-46 -44 8
-46 -44 8
-46 -44 8
-46 -45 8
-46 -45 8
-46 -45 8
-50 -50 9
-50 -50 9
-50 -50 9
-52 -47 9
-52 -47 9
-52 -47 9
-53 -48 9
-53 -48 9
-53 -48 9
-54 -44 9
-54 -44 9
-54 -44 9
-52 -44 9
-52 -44 9
-52 -44 9
-52 -44 9
-52 -44 9
-52 -44 9
-55 -45 9
-55 -45 9
-55 -45 9
-52 -44 9
-52 -44 9
-52 -44 9
-52 -44 9
-52 -44 9
-52 -45 9
-52 -45 9
-52 -45 9
-52 -44 9
-52 -44 9
-52 -44 9
-52 -43 9
-52 -43 9
-52 -43 9
-52 -46 9
-52 -46 9
-52 -46 9
-52 -45 9
-52 -45 9
-52 -45 9
-53 -44 9
-53 -44 9
-53 -44 9
-53 -44 9
-53 -44 9
-53 -44 9
-54 -45 9
-54 -45 9
-52 -44 9
-52 -44 9
-52 -44 9
-53 -45 9
-53 -45 9
-53 -45 9
-52 -47 9
-52 -47 9
-52 -47 9
-53 -47 9
-53 -47 9
-53 -47 9
-51 -45 9
-51 -45 9
-51 -45 9
-52 -46 9
-52 -46 9
-52 -46 9
-51 -45 9
-51 -45 9
-51 -45 9
-51 -48 9
-51 -48 9
-50 -48 9
-50 -48 9
-50 -48 9
-52 -53 9
-52 -53 9
-52 -53 9
-51 -44 9
-51 -44 9
-51 -44 9
-53 -44 9
-53 -44 9
-53 -44 9
-56 -45 9
-56 -45 9
-56 -45 9
-57 -45 9
-57 -45 9
-57 -45 9
-52 -45 9
-52 -45 9
-52 -45 9
-54 -45 9
-54 -45 9
-54 -45 9
-52 -46 9
-52 -46 9
-52 -46 9
-52 -46 9
-52 -46 9
-52 -46 9
-52 -46 9
-52 -46 9
-53 -44 9
-53 -44 9
-53 -44 9
-53 -44 9
-53 -44 9
-53 -44 9
-52 -44 9
-52 -44 9
-52 -44 9
-51 -44 9
-51 -44 9
-51 -44 9
-52 -44 9
-52 -44 9
-52 -44 9
-54 -45 9
-54 -45 9
-54 -45 9
-53 -45 9
-53 -45 9
-53 -45 9
-53 -44 9
-53 -44 9
-53 -44 9
-51 -44 9
-51 -44 9
-51 -44 9
-53 -45 9
-53 -45 9
-53 -45 9
-53 -45 9
-53 -45 9
-55 -46 9
-55 -46 9
-55 -46 9
-59 -50 9
-59 -50 9
-59 -50 9
-54 -56 9
-54 -56 9
-54 -56 9
-59 -53 9
-59 -53 9
-59 -53 9
-54 -51 9
-54 -51 9
-54 -51 9
-53 -47 9
-53 -47 9
-53 -47 9
-53 -61 9
-53 -61 9
-53 -61 9
-54 -50 9
-54 -50 9
-54 -50 9
-56 -49 9
-56 -49 9
-56 -49 9
-55 -50 9
-55 -50 9
-55 -50 9
-53 -47 9
-53 -47 9
-53 -47 9
-56 -47 9
-56 -47 9
-53 -53 9
-53 -53 9
-53 -53 9
-53 -61 9
-53 -61 9
-53 -61 9
-53 -50 9
-53 -50 9
-53 -50 9
-51 -55 9
-51 -55 9
-51 -55 9
-56 -49 9
-56 -49 9
-56 -49 9
-56 -48 9
-56 -48 9
-56 -48 9
-56 -51 9
-56 -51 9
-56 -51 9
-55 -51 9
-55 -51 9
-55 -51 9
-56 -48 9
-56 -48 9
-56 -48 9
-56 -47 9
-56 -47 9
-56 -47 9
-55 -47 9
-55 -47 9
-55 -47 9
-54 -47 10
-54 -47 10
-54 -47 10
-46 -64 10
-46 -64 10
-46 -64 10
-49 -54 10
-49 -54 10
-49 -54 10
-51 -55 10
-51 -55 10
-51 -55 10
-49 -54 10
-49 -54 10
-49 -54 10
-47 -55 10
-47 -55 10
-47 -55 10
-51 -53 10
-51 -53 10
-51 -53 10
-51 -53 10
-51 -53 10
-51 -53 10
-53 -54 10
-53 -54 10
-53 -54 10
-53 -54 10
-53 -54 10
-53 -54 10
-48 -52 10
-48 -52 10
-48 -52 10
-50 -54 10
-50 -54 10
-50 -54 10
-54 -55 10
-54 -55 10
-50 -57 10
-50 -57 10
-50 -57 10
-52 -60 10
-52 -60 10
-52 -60 10
-50 -55 10
-50 -55 10
-50 -55 10
-50 -53 10
-50 -53 10
-50 -53 10
-50 -53 10
-50 -53 10
-50 -53 10
-50 -62 10
-50 -62 10
-50 -62 10
-50 -53 10
-50 -53 10
-50 -53 10
-50 -53 10
-50 -53 10
-50 -53 10
-50 -53 10
-50 -53 10
-50 -53 10
-51 -50 10
-51 -50 10
-51 -50 10
-49 -49 10
-49 -49 10
-49 -49 10
-49 -59 10
-49 -59 10
-49 -59 10
-49 -54 10
-49 -54 10
-49 -54 10
-48 -57 10
-48 -57 10
-48 -55 10
-48 -55 10
-48 -55 10
-51 -54 10
-51 -54 10
-51 -54 10
-50 -54 10
-50 -54 10
-50 -54 10
-47 -54 10
-47 -54 10
-47 -54 10
-49 -54 10
-49 -54 10
-49 -54 10
-50 -53 10
-50 -53 10
-50 -53 10
-51 -54 10
-51 -54 10
-51 -54 10
-50 -54 10
-50 -54 10
-50 -54 10
-50 -53 10
-50 -53 10
-50 -53 10
-50 -53 10
-50 -53 10
-50 -53 10
-49 -53 10
-49 -53 10
-49 -53 10
-50 -53 10
-50 -53 10
-48 -53 10
-48 -53 10
-48 -53 10
-50 -53 10
-50 -53 10
-50 -53 10
-48 -53 10
-48 -53 10
-48 -53 10
-50 -53 10
-50 -53 10
-50 -53 10
-50 -58 10
-50 -58 10
-50 -58 10
-53 -56 10
-53 -56 10
-53 -56 10
-49 -56 10
-49 -56 10
-49 -56 10
-48 -55 10
-48 -55 10
-48 -55 10
-48 -55 10
-48 -55 10
-48 -55 10
-49 -49 10
-49 -49 10
-49 -49 10
-49 -48 10
-49 -48 10
-49 -48 10
-48 -55 10
-48 -55 10
-48 -55 10
-49 -55 10
-49 -55 10
-52 -55 10
-52 -55 10
-52 -55 10
-48 -56 10
-48 -56 10
-48 -56 10
-50 -55 10
-50 -55 10
-50 -55 10
-48 -52 10
-48 -52 10
-48 -52 10
-48 -52 10
-48 -52 10
-48 -52 10
-48 -52 10
-48 -52 10
-48 -52 10
-48 -47 10
-48 -47 10
-48 -47 10
-49 -52 10
-49 -52 10
-49 -52 10
-51 -52 10
-51 -52 10
-51 -52 10
-50 -48 10
-50 -48 10
-50 -48 10
-51 -50 10
-51 -50 10
-51 -50 10
-49 -51 10
-49 -51 10
-49 -51 10
-48 -52 10
-48 -52 10
-47 -52 10
-47 -52 10
-47 -52 10
-48 -52 10
-48 -52 10
-48 -52 10
-48 -53 10
-48 -53 10
-48 -53 10
-48 -53 10
-48 -53 10
-48 -53 10
-48 -53 10
-49 -55 11
-49 -55 11
-53 -49 11
-53 -49 11
-53 -49 11
-57 -47 11
-57 -47 11
-57 -47 11
-53 -47 11
-53 -47 11
-53 -47 11
-51 -43 11
-51 -43 11
-51 -43 11
-50 -44 11
-50 -44 11
-50 -44 11
-55 -46 11
-55 -46 11
-55 -46 11
-55 -46 11
-55 -46 11
-55 -46 11
-52 -47 11
-52 -47 11
-52 -47 11
-52 -47 11
-52 -47 11
-52 -47 11
-52 -48 11
-52 -48 11
-52 -48 11
-49 -46 11
-49 -46 11
-49 -46 11
-51 -46 11
-51 -46 11
-50 -46 11
-50 -46 11
-50 -46 11
-51 -45 11
-51 -45 11
-51 -45 11
-53 -52 11
-53 -52 11
-53 -52 11
-53 -47 11
-53 -47 11
-53 -47 11
-52 -46 11
-52 -46 11
-52 -46 11
-52 -48 11
-52 -48 11
-52 -48 11
-52 -45 11
-52 -45 11
-52 -45 11
-52 -46 11
-52 -46 11
-52 -46 11
-52 -45 11
-52 -45 11
-52 -45 11
-53 -45 11
-53 -45 11
-53 -45 11
-52 -45 11
-52 -45 11
-52 -45 11
-51 -43 11
-51 -43 11
-52 -44 11
-52 -44 11
-52 -44 11
-51 -45 11
-51 -45 11
-51 -45 11
-51 -44 11
-51 -44 11
-51 -44 11
-51 -44 11
-51 -44 11
-51 -44 11
-51 -44 11
-51 -44 11
-51 -44 11
-50 -45 11
-50 -45 11
-50 -45 11
-50 -45 11
-50 -45 11
-50 -45 11
-52 -43 11
-52 -43 11
-52 -43 11
-51 -45 11
-51 -45 11
-51 -45 11
-51 -44 11
-51 -44 11
-51 -44 11
-52 -45 11
-52 -45 11
-51 -44 11
-51 -44 11
-51 -44 11
-51 -45 11
-51 -45 11
-51 -45 11
-50 -42 11
-50 -42 11
-50 -42 11
-51 -45 11
-51 -45 11
-51 -45 11
-50 -44 11
-50 -44 11
-50 -44 11
-51 -44 11
-51 -44 11
-51 -44 11
-51 -44 11
-51 -44 11
-51 -44 11
-52 -45 11
-52 -45 11
-52 -45 11
-51 -44 11
-51 -44 11
-51 -44 11
-51 -44 11
-51 -44 11
-51 -44 11
-51 -45 11
-51 -45 11
-51 -45 11
-52 -44 11
-52 -44 11
-52 -45 11
-52 -45 11
-52 -45 11
-52 -45 11
-52 -45 11
-52 -45 11
-52 -45 11
-52 -45 11
-52 -45 11
-51 -44 11
-51 -44 11
-51 -44 11
-51 -45 11
-51 -45 11
-51 -45 11
-52 -44 11
-52 -44 11
-52 -44 11
-51 -44 11
-51 -44 11
-51 -44 11
-51 -44 11
-51 -44 11
-51 -44 11
-52 -42 11
-52 -42 11
-52 -42 11
-51 -44 11
-51 -44 11
-51 -44 11
-51 -45 11
-51 -45 11
-51 -45 11
-51 -45 11
-51 -45 11
-53 -45 11
-53 -45 11
-53 -45 11
-51 -45 11
-51 -45 11
-51 -45 11
-48 -45 11
-48 -45 11
-48 -45 11
-54 -47 11
-54 -47 11
-54 -47 11
-49 -48 11
-49 -48 11
-49 -48 11
-49 -47 11
-49 -47 11
-49 -47 11
-51 -46 11
-51 -46 11
-51 -46 11
-53 -46 11
-53 -46 11
-53 -46 11
-51 -46 11
-51 -46 11
-51 -46 11
-52 -44 11
-61 -51 12
-61 -51 12
-60 -51 12
-60 -51 12
-60 -51 12
-59 -50 12
-59 -50 12
-59 -50 12
-62 -53 12
-62 -53 12
-62 -53 12
-61 -54 12
-61 -54 12
-61 -54 12
-57 -50 12
-57 -50 12
-57 -50 12
-58 -50 12
-58 -50 12
-58 -49 12
-58 -49 12
-58 -49 12
-59 -50 12
-59 -50 12
-59 -50 12
-59 -49 12
-59 -49 12
-59 -49 12
-57 -44 12
-57 -44 12
-57 -44 12
-56 -47 12
-56 -47 12
-56 -47 12
-58 -46 12
-58 -46 12
-58 -46 12
-57 -45 12
-57 -45 12
-57 -45 12
-57 -45 12
-57 -45 12
-57 -45 12
-59 -45 12
-59 -45 12
-59 -45 12
-59 -45 12
-59 -45 12
-59 -45 12
-59 -45 12
-59 -45 12
-59 -45 12
-59 -45 12
-59 -45 12
-59 -45 12
-60 -44 12
-60 -44 12
-59 -44 12
-59 -44 12
-59 -44 12
-60 -45 12
-60 -45 12
-60 -45 12
-60 -44 12
-60 -44 12
-60 -44 12
-60 -46 12
-60 -46 12
-60 -46 12
-59 -46 12
-59 -46 12
-59 -46 12
-59 -44 12
-59 -44 12
-59 -44 12
-60 -44 12
-60 -44 12
-60 -44 12
-57 -48 12
-57 -48 12
-57 -48 12
-58 -47 12
-58 -47 12
-58 -47 12
-58 -47 12
-58 -47 12
-58 -47 12
-58 -48 12
-58 -48 12
-58 -48 12
-57 -46 12
-57 -46 12
-57 -46 12
-57 -47 12
-57 -47 12
-56 -47 12
-56 -47 12
-56 -47 12
-56 -47 12
-56 -47 12
-56 -47 12
-57 -46 12
-57 -46 12
-57 -46 12
-57 -46 12
-57 -46 12
-57 -46 12
-57 -47 12
-57 -47 12
-57 -47 12
-57 -47 12
-57 -47 12
-57 -47 12
-57 -47 12
-57 -47 12
-57 -47 12
-57 -47 12
-57 -47 12
-57 -47 12
-57 -47 12
-57 -47 12
-57 -47 12
-57 -48 12
-57 -48 12
-57 -48 12
-56 -47 12
-56 -47 12
-56 -47 12
-57 -48 12
-57 -48 12
-56 -48 12
-56 -48 12
-56 -48 12
-57 -48 12
-57 -48 12
-57 -48 12
-57 -48 12
-57 -48 12
-57 -48 12
-57 -47 12
-57 -47 12
-57 -47 12
-61 -47 12
-61 -47 12
-61 -47 12
-58 -46 12
-58 -46 12
-58 -46 12
-58 -46 12
-58 -46 12
-58 -46 12
-58 -46 12
-58 -46 12
-58 -46 12
-58 -47 12
-58 -47 12
-58 -47 12
-58 -47 12
-58 -47 12
-58 -47 12
-58 -46 12
-58 -46 12
-58 -46 12
-59 -46 12
-59 -46 12
-59 -46 12
-57 -46 12
-57 -46 12
-57 -49 12
-57 -49 12
-57 -49 12
-58 -48 12
-58 -48 12
-58 -48 12
-59 -47 12
-59 -47 12
-59 -47 12
-60 -48 12
-60 -48 12
-60 -48 12
-60 -48 12
-60 -48 12
-60 -48 12
-60 -48 12
-60 -48 12
-60 -48 12
-58 -47 12
-58 -47 12
-58 -47 12
-59 -47 12
-59 -47 12
-59 -47 12
-59 -48 12
-59 -48 12
-59 -48 12
-58 -49 12
-58 -49 12
-58 -49 12
-58 -48 12
-58 -48 12
-58 -48 12
-56 -48 12
-56 -48 12
-56 -48 12
-52 -46 13
-52 -46 13
-52 -41 13
-52 -41 13
-52 -41 13
-60 -43 13
-60 -43 13
-60 -43 13
-56 -43 13
-56 -43 13
-56 -43 13
-55 -46 13
-55 -46 13
-55 -46 13
-57 -44 13
-57 -44 13
-57 -44 13
-56 -45 13
-56 -45 13
-56 -45 13
-57 -43 13
-57 -43 13
-57 -43 13
-56 -45 13
-56 -45 13
-56 -45 13
-56 -45 13
-56 -45 13
-56 -45 13
-59 -46 13
-59 -46 13
-59 -46 13
-57 -47 13
-57 -47 13
-58 -45 13
-58 -45 13
-58 -45 13
-57 -46 13
-57 -46 13
-57 -46 13
-57 -45 13
-57 -45 13
-57 -45 13
-57 -45 13
-57 -45 13
-57 -45 13
-57 -45 13
-57 -45 13
-57 -45 13
-57 -45 13
-57 -45 13
-57 -45 13
-57 -45 13
-57 -45 13
-57 -45 13
-56 -45 13
-56 -45 13
-56 -45 13
-58 -46 13
-58 -46 13
-58 -46 13
-58 -45 13
-58 -45 13
-58 -45 13
-64 -42 13
-64 -42 13
-64 -42 13
-64 -42 13
-64 -42 13
-56 -43 13
-56 -43 13
-56 -43 13
-53 -42 13
-53 -42 13
-53 -42 13
-54 -42 13
-54 -42 13
-54 -42 13
-55 -42 13
-55 -42 13
-55 -42 13
-56 -41 13
-56 -41 13
-56 -41 13
-55 -43 13
-55 -43 13
-55 -43 13
-54 -43 13
-54 -43 13
-54 -43 13
-55 -43 13
-55 -43 13
-55 -43 13
-54 -43 13
-54 -43 13
-54 -43 13
-54 -43 13
-54 -43 13
-54 -43 13
-57 -43 13
-57 -43 13
-57 -43 13
-56 -43 13
-56 -43 13
-55 -43 13
-55 -43 13
-55 -43 13
-60 -47 13
-60 -47 13
-60 -47 13
-57 -46 13
-57 -46 13
-57 -46 13
-66 -45 13
-66 -45 13
-66 -45 13
-63 -46 13
-63 -46 13
-63 -46 13
-57 -45 13
-57 -45 13
-57 -45 13
-57 -45 13
-57 -45 13
-57 -45 13
-58 -46 13
-58 -46 13
-58 -46 13
-57 -45 13
-57 -45 13
-57 -45 13
-57 -45 13
-57 -45 13
-57 -45 13
-56 -45 13
-56 -45 13
-58 -43 13
-58 -43 13
-58 -43 13
-56 -44 13
-56 -44 13
-56 -44 13
-55 -45 13
-55 -45 13
-55 -45 13
-56 -45 13
-56 -45 13
-56 -45 13
-55 -46 13
-55 -46 13
-55 -46 13
-55 -45 13
-55 -45 13
-55 -45 13
-58 -45 13
-58 -45 13
-58 -45 13
-58 -45 13
-58 -45 13
-58 -45 13
-58 -46 13
-58 -46 13
-57 -46 13
-57 -46 13
-57 -46 13
-55 -46 13
-55 -46 13
-55 -46 13
-53 -45 13
-53 -45 13
-53 -45 13
-56 -45 13
-56 -45 13
-56 -45 13
-58 -44 13
-58 -44 13
-58 -44 13
-58 -44 13
-58 -44 13
-58 -44 13
-58 -45 13
-58 -45 13
-58 -45 13
-58 -46 13
-58 -46 13
-58 -45 13
-58 -45 13
-58 -45 13
-57 -45 13
-57 -45 13
-57 -45 13
-57 -45 13
-57 -45 13
-57 -45 13
-56 -45 13
-56 -45 13
-56 -45 13
-57 -45 13
-57 -45 13
-57 -45 13
-58 -45 13
-58 -45 13
-58 -45 13
-52 -40 14
-52 -40 14
-52 -40 14
-56 -38 14
-56 -38 14
-56 -38 14
-58 -41 14
-58 -41 14
-58 -41 14
-58 -39 14
-58 -39 14
-58 -39 14
-58 -39 14
-58 -39 14
-58 -39 14
-58 -39 14
-58 -39 14
-58 -38 14
-58 -38 14
-58 -38 14
-58 -40 14
-58 -40 14
-58 -40 14
-59 -39 14
-59 -39 14
-59 -39 14
-59 -40 14
-59 -40 14
-59 -40 14
-59 -40 14
-59 -40 14
-59 -40 14
-59 -39 14
-59 -39 14
-59 -39 14
-60 -39 14
-60 -39 14
-59 -39 14
-59 -39 14
-59 -39 14
-59 -40 14
-59 -40 14
-59 -40 14
-58 -39 14
-58 -39 14
-58 -39 14
-59 -38 14
-59 -38 14
-59 -38 14
-57 -39 14
-57 -39 14
-57 -39 14
-60 -39 14
-60 -39 14
-60 -39 14
-60 -38 14
-60 -38 14
-60 -38 14
-57 -38 14
-57 -38 14
-57 -38 14
-58 -38 14
-58 -38 14
-58 -38 14
-59 -38 14
-59 -38 14
-58 -38 14
-58 -38 14
-58 -38 14
-58 -38 14
-58 -38 14
-58 -38 14
-58 -38 14
-58 -38 14
-58 -38 14
-58 -38 14
-58 -38 14
-58 -38 14
-57 -39 14
-57 -39 14
-57 -39 14
-58 -40 14
-58 -40 14
-58 -40 14
-57 -39 14
-57 -39 14
-57 -39 14
-57 -40 14
-57 -40 14
-57 -40 14
-57 -40 14
-57 -40 14
-57 -40 14
-56 -41 14
-56 -41 14
-56 -41 14
-57 -41 14
-57 -41 14
-57 -40 14
-57 -40 14
-57 -40 14
-57 -41 14
-57 -41 14
-57 -41 14
-57 -41 14
-57 -41 14
-57 -41 14
-57 -41 14
-57 -41 14
-57 -41 14
-57 -40 14
-57 -40 14
-57 -40 14
-57 -40 14
-57 -40 14
-57 -40 14
-56 -39 14
-56 -39 14
-56 -39 14
-56 -40 14
-56 -40 14
-56 -40 14
-57 -40 14
-57 -40 14
-57 -40 14
-58 -41 14
-58 -41 14
-58 -41 14
-59 -41 14
-59 -41 14
-59 -41 14
-60 -41 14
-60 -41 14
-59 -41 14
-59 -41 14
-59 -41 14
-49 -42 14
-49 -42 14
-49 -42 14
-48 -44 14
-48 -44 14
-48 -44 14
-48 -43 14
-48 -43 14
-48 -43 14
-51 -46 14
-51 -46 14
-51 -46 14
-48 -43 14
-48 -43 14
-48 -43 14
-48 -45 14
-48 -45 14
-48 -45 14
-49 -44 14
-49 -44 14
-49 -44 14
-51 -44 14
-51 -44 14
-51 -44 14
-51 -44 14
-51 -44 14
-51 -44 14
-50 -44 14
-50 -44 14
-50 -44 14
-50 -44 14
-50 -44 14
-50 -44 14
-50 -44 14
-50 -44 14
-51 -44 14
-51 -44 14
-51 -44 14
-50 -44 14
-50 -44 14
-50 -44 14
-50 -44 14
-50 -44 14
-50 -44 14
-49 -44 14
-49 -44 14
-49 -44 14
-51 -45 14
-51 -45 14
-51 -45 14
-52 -43 14
-52 -43 14
-52 -43 14
-50 -44 14
-50 -44 14
-50 -44 14
-50 -46 14
-50 -46 14
-50 -46 14
-50 -46 14
-50 -46 14
-50 -46 14
-50 -45 14
-50 -45 14
-50 -44 14
-50 -44 14
-57 -39 15
-57 -39 15
-52 -37 15
-52 -37 15
-52 -37 15
-47 -42 15
-47 -42 15
-47 -42 15
-51 -40 15
-51 -40 15
-51 -40 15
-53 -43 15
-53 -43 15
-53 -43 15
-54 -44 15
-54 -44 15
-54 -44 15
-54 -44 15
-54 -44 15
-54 -44 15
-52 -44 15
-52 -44 15
-52 -44 15
-54 -44 15
-54 -44 15
-54 -44 15
-52 -45 15
-52 -45 15
-52 -45 15
-52 -46 15
-52 -46 15
-54 -46 15
-54 -46 15
-54 -46 15
-54 -47 15
-54 -47 15
-54 -47 15
-54 -47 15
-54 -47 15
-54 -47 15
-53 -45 15
-53 -45 15
-53 -45 15
-53 -44 15
-53 -44 15
-53 -44 15
-51 -44 15
-51 -44 15
-51 -44 15
-53 -46 15
-53 -46 15
-53 -46 15
-51 -43 15
-51 -43 15
-51 -43 15
-52 -44 15
-52 -44 15
-52 -44 15
-53 -44 15
-53 -44 15
-53 -44 15
-51 -43 15
-51 -43 15
-51 -43 15
-52 -44 15
-52 -44 15
-52 -44 15
-52 -44 15
-52 -44 15
-52 -44 15
-52 -44 15
-52 -44 15
-52 -41 15
-52 -41 15
-52 -41 15
-51 -41 15
-51 -41 15
-51 -41 15
-51 -43 15
-51 -43 15
-51 -43 15
-53 -42 15
-53 -42 15
-53 -42 15
-53 -43 15
-53 -43 15
-53 -43 15
-53 -42 15
-53 -42 15
-53 -42 15
-53 -42 15
-53 -42 15
-53 -42 15
-51 -42 15
-51 -42 15
-51 -42 15
-50 -42 15
-50 -42 15
-50 -42 15
-51 -42 15
-51 -42 15
-51 -42 15
-51 -41 15
-51 -41 15
-51 -41 15
-51 -42 15
-51 -42 15
-51 -41 15
-51 -41 15
-51 -41 15
-52 -41 15
-52 -41 15
-52 -41 15
-52 -41 15
-52 -41 15
-52 -41 15
-51 -40 15
-51 -40 15
-51 -40 15
-51 -41 15
-51 -41 15
-51 -41 15
-52 -41 15
-52 -41 15
-52 -41 15
-52 -41 15
-52 -41 15
-52 -41 15
-51 -41 15
-51 -41 15
-51 -41 15
-51 -40 15
-51 -40 15
-51 -40 15
-51 -40 15
-51 -40 15
-51 -40 15
-52 -41 15
-52 -41 15
-52 -41 15
-52 -40 15
-52 -40 15
-52 -40 15
-55 -35 15
-55 -35 15
-55 -35 15
-54 -36 15
-54 -36 15
-55 -37 15
-55 -37 15
-55 -37 15
-53 -39 15
-53 -39 15
-53 -39 15
-56 -42 15
-56 -42 15
-56 -42 15
-56 -43 15
-56 -43 15
-56 -43 15
-60 -48 15
-60 -48 15
-60 -48 15
-56 -43 15
-56 -43 15
-56 -43 15
-55 -42 15
-55 -42 15
-55 -42 15
-55 -41 15
-55 -41 15
-55 -41 15
-56 -43 15
-56 -43 15
-56 -43 15
-55 -43 15
-55 -43 15
-55 -43 15
-55 -43 15
-55 -43 15
-55 -43 15
-55 -43 15
-55 -43 15
-55 -42 15
-55 -42 15
-55 -42 15
-54 -43 15
-54 -43 15
-54 -43 15
-55 -42 15
-55 -42 15
-55 -42 15
-54 -42 15
-54 -42 15
-54 -42 15
-57 -41 15
-57 -41 15
-57 -41 15
-58 -42 15
-58 -42 15
-58 -42 15
-53 -42 16
-53 -42 16
-53 -42 16
-52 -48 16
-52 -48 16
-52 -48 16
-51 -47 16
-51 -47 16
-51 -47 16
-53 -52 16
-53 -52 16
-53 -52 16
-53 -51 16
-53 -51 16
-53 -51 16
-54 -51 16
-54 -51 16
-54 -51 16
-53 -50 16
-53 -50 16
-53 -50 16
-54 -49 16
-54 -49 16
-54 -49 16
-53 -47 16
-53 -47 16
-54 -45 16
-54 -45 16
-54 -45 16
-54 -49 16
-54 -49 16
-54 -49 16
-54 -47 16
-54 -47 16
-54 -47 16
-54 -48 16
-54 -48 16
-54 -48 16
-54 -47 16
-54 -47 16
-54 -47 16
-45 -44 16
-45 -44 16
-45 -44 16
-53 -40 16
-53 -40 16
-53 -40 16
-53 -43 16
-53 -43 16
-53 -43 16
-57 -44 16
-57 -44 16
-57 -44 16
-55 -43 16
-55 -43 16
-55 -43 16
-56 -44 16
-56 -44 16
-56 -44 16
-56 -48 16
-56 -48 16
-56 -45 16
-56 -45 16
-56 -45 16
-56 -44 16
-56 -44 16
-56 -44 16
-57 -44 16
-57 -44 16
-57 -44 16
-57 -45 16
-57 -45 16
-57 -45 16
-56 -44 16
-56 -44 16
-56 -44 16
-56 -45 16
-56 -45 16
-56 -45 16
-56 -45 16
-56 -45 16
-56 -45 16
-56 -44 16
-56 -44 16
-56 -44 16
-56 -45 16
-56 -45 16
-56 -45 16
-56 -45 16
-56 -45 16
-56 -45 16
-59 -46 16
-59 -46 16
-59 -46 16
-59 -50 16
-59 -50 16
-54 -48 16
-54 -48 16
-54 -48 16
-57 -46 16
-57 -46 16
-57 -46 16
-57 -48 16
-57 -48 16
-57 -48 16
-59 -49 16
-59 -49 16
-59 -49 16
-58 -49 16
-58 -49 16
-58 -49 16
-58 -49 16
-58 -49 16
-58 -49 16
-57 -49 16
-57 -49 16
-57 -49 16
-56 -49 16
-56 -49 16
-56 -49 16
-57 -49 16
-57 -49 16
-57 -49 16
-56 -49 16
-56 -49 16
-56 -49 16
-56 -49 16
-56 -49 16
-56 -49 16
-55 -49 16
-55 -49 16
-57 -49 16
-57 -49 16
-57 -49 16
-58 -49 16
-58 -49 16
-58 -49 16
-56 -50 16
-56 -50 16
-56 -50 16
-57 -50 16
-57 -50 16
-57 -50 16
-57 -50 16
-57 -50 16
-57 -50 16
-56 -50 16
-56 -50 16
-56 -50 16
-57 -50 16
-57 -50 16
-57 -50 16
-57 -50 16
-57 -50 16
-57 -50 16
-56 -49 16
-56 -49 16
-56 -49 16
-58 -49 16
-58 -49 16
-58 -49 16
-57 -49 16
-57 -49 16
-57 -49 16
-57 -50 16
-57 -50 16
-56 -49 16
-56 -49 16
-56 -49 16
-56 -50 16
-56 -50 16
-56 -50 16
-56 -50 16
-56 -50 16
-56 -50 16
-57 -50 16
-57 -50 16
-57 -50 16
-56 -50 16
-56 -50 16
-56 -50 16
-57 -50 16
-57 -50 16
-57 -50 16
-58 -50 16
-58 -50 16
-58 -50 16
-57 -50 16
-57 -50 16
-57 -50 16
-57 -50 16
-57 -50 16
-57 -50 16
-59 -49 16
-59 -49 16
-59 -49 16
-57 -49 16
-57 -49 16
-57 -48 16
-57 -48 16
-57 -48 16
-55 -51 17
-55 -51 17
-55 -51 17
-58 -40 17
-58 -40 17
-58 -40 17
-54 -46 17
-54 -46 17
-54 -46 17
-57 -47 17
-57 -47 17
-57 -47 17
-62 -48 17
-62 -48 17
-62 -48 17
-62 -48 17
-62 -48 17
-62 -48 17
-62 -48 17
-62 -48 17
-62 -48 17
-61 -48 17
-61 -48 17
-61 -48 17
-62 -48 17
-62 -48 17
-62 -48 17
-62 -48 17
-62 -48 17
-62 -48 17
-62 -48 17
-62 -48 17
-62 -48 17
-62 -48 17
-62 -48 17
-62 -48 17
-62 -48 17
-62 -48 17
-62 -48 17
-62 -48 17
-62 -48 17
-59 -47 17
-59 -47 17
-59 -47 17
-62 -40 17
-62 -40 17
-62 -40 17
-61 -44 17
-61 -44 17
-61 -44 17
-68 -43 17
-68 -43 17
-68 -43 17
-64 -43 17
-64 -43 17
-64 -43 17
-64 -43 17
-64 -43 17
-64 -43 17
-62 -41 17
-62 -41 17
-62 -41 17
-66 -43 17
-66 -43 17
-66 -43 17
-63 -41 17
-63 -41 17
-63 -41 17
-64 -41 17
-64 -41 17
-64 -41 17
-64 -43 17
-64 -43 17
-64 -43 17
-64 -43 17
-64 -43 17
-64 -43 17
-63 -43 17
-63 -43 17
-64 -43 17
-64 -43 17
-64 -43 17
-63 -43 17
-63 -43 17
-63 -43 17
-63 -43 17
-63 -43 17
-63 -43 17
-63 -43 17
-63 -43 17
-63 -43 17
-63 -43 17
-63 -43 17
-63 -43 17
-63 -43 17
-63 -43 17
-63 -43 17
-63 -43 17
-63 -43 17
-63 -43 17
-66 -42 17
-66 -42 17
-66 -42 17
-66 -43 17
-66 -43 17
-66 -43 17
-67 -42 17
-67 -42 17
-67 -42 17
-63 -43 17
-63 -43 17
-63 -43 17
-64 -43 17
-64 -43 17
-64 -43 17
-64 -43 17
-64 -43 17
-63 -43 17
-63 -43 17
-63 -43 17
-64 -42 17
-64 -42 17
-64 -42 17
-64 -42 17
-64 -42 17
-64 -42 17
-64 -43 17
-64 -43 17
-64 -43 17
-65 -42 17
-65 -42 17
-65 -42 17
-65 -42 17
-65 -42 17
-65 -42 17
-65 -41 17
-65 -41 17
-65 -41 17
-65 -42 17
-65 -42 17
-65 -42 17
-64 -41 17
-64 -41 17
-64 -41 17
-65 -41 17
-65 -41 17
-65 -41 17
-66 -42 17
-66 -42 17
-66 -42 17
-65 -41 17
-65 -41 17
-65 -41 17
-65 -41 17
-65 -41 17
-66 -41 17
-66 -41 17
-66 -41 17
-65 -41 17
-65 -41 17
-65 -41 17
-65 -41 17
-65 -41 17
-65 -41 17
-64 -42 17
-64 -42 17
-64 -42 17
-67 -41 17
-67 -41 17
-67 -41 17
-65 -41 17
-65 -41 17
-65 -41 17
-61 -41 17
-61 -41 17
-61 -41 17
-68 -41 17
-68 -41 17
-68 -41 17
-68 -40 17
-68 -40 17
-68 -40 17
-68 -40 17
-68 -40 17
-68 -40 17
-69 -41 17
-69 -41 17
-68 -40 17
-68 -40 17
-68 -40 17
-68 -40 17
-68 -40 17
-68 -40 17
-69 -41 17
-69 -41 17
-69 -41 17
-68 -41 17
-68 -41 17
-68 -41 17
-68 -42 17
-68 -42 17
-68 -42 17
-65 -43 17
-65 -43 17
-65 -43 17
-70 -41 17
-70 -41 17
-70 -41 17
-61 -41 17
-61 -41 17
-61 -41 17
-63 -42 17
-63 -42 17
-63 -42 17
-63 -41 17
-63 -41 17
-63 -41 17
-63 -39 17
-63 -39 17
-63 -39 17
-63 -42 17
-63 -42 17
-65 -42 17
-65 -42 17
-65 -42 17
-65 -41 17
-65 -41 17
-65 -41 17
-64 -41 17
-64 -41 17
-64 -41 17
-64 -41 17
-64 -41 17
-64 -41 17
-64 -40 17
-64 -40 17
-64 -40 17
-60 -41 17
-58 -50 18
-58 -50 18
-58 -50 18
-63 -38 18
-63 -38 18
-63 -38 18
-56 -41 18
-56 -41 18
-56 -41 18
-59 -44 18
-59 -44 18
-59 -44 18
-61 -41 18
-61 -41 18
-61 -41 18
-64 -44 18
-64 -44 18
-64 -44 18
-65 -43 18
-65 -43 18
-65 -43 18
-62 -44 18
-62 -44 18
-62 -44 18
-66 -43 18
-66 -43 18
-66 -43 18
-65 -43 18
-65 -43 18
-65 -43 18
-66 -44 18
-66 -44 18
-66 -44 18
-66 -44 18
-66 -44 18
-66 -44 18
-63 -46 18
-63 -46 18
-69 -44 18
-69 -44 18
-69 -44 18
-66 -39 18
-66 -39 18
-66 -39 18
-61 -44 18
-61 -44 18
-61 -44 18
-68 -42 18
-68 -42 18
-68 -42 18
-73 -42 18
-73 -42 18
-73 -42 18
-61 -43 18
-61 -43 18
-61 -43 18
-59 -43 18
-59 -43 18
-59 -43 18
-63 -43 18
-63 -43 18
-63 -43 18
-63 -43 18
-63 -43 18
-63 -43 18
-63 -43 18
-63 -43 18
-63 -43 18
-63 -43 18
-63 -43 18
-63 -43 18
-63 -43 18
-63 -43 18
-62 -43 18
-62 -43 18
-62 -43 18
-61 -42 18
-61 -42 18
-61 -42 18
-59 -43 18
-59 -43 18
-59 -43 18
-64 -42 18
-64 -42 18
-64 -42 18
-63 -44 18
-63 -44 18
-63 -44 18
-61 -42 18
-61 -42 18
-61 -42 18
-61 -42 18
-61 -42 18
-61 -42 18
-61 -42 18
-61 -42 18
-62 -42 18
-62 -42 18
-62 -42 18
-59 -43 18
-59 -43 18
-59 -43 18
-62 -42 18
-62 -42 18
-62 -42 18
-58 -39 18
-58 -39 18
-58 -39 18
-63 -42 18
-63 -42 18
-63 -42 18
-63 -42 18
-63 -42 18
-63 -42 18
-63 -42 18
-63 -42 18
-63 -42 18
-62 -42 18
-62 -42 18
-58 -43 18
-58 -43 18
-58 -43 18
-61 -42 18
-61 -42 18
-61 -42 18
-61 -42 18
-61 -42 18
-61 -42 18
-59 -42 18
-59 -42 18
-59 -42 18
-63 -43 18
-63 -43 18
-63 -43 18
-62 -41 18
-62 -41 18
-62 -41 18
-60 -41 18
-60 -41 18
-60 -41 18
-63 -41 18
-63 -41 18
-61 -43 18
-61 -43 18
-61 -43 18
-62 -44 18
-62 -44 18
-62 -44 18
-61 -43 18
-61 -43 18
-61 -43 18
-61 -42 18
-61 -42 18
-61 -42 18
-67 -40 18
-67 -40 18
-67 -40 18
-64 -40 18
-64 -40 18
-64 -40 18
-63 -41 18
-63 -41 18
-63 -41 18
-62 -40 18
-62 -40 18
-64 -40 18
-64 -40 18
-64 -40 18
-63 -41 18
-63 -41 18
-63 -41 18
-65 -40 18
-65 -40 18
-65 -40 18
-61 -40 18
-61 -40 18
-61 -40 18
-63 -40 18
-63 -40 18
-63 -40 18
-62 -41 18
-62 -41 18
-62 -41 18
-64 -40 18
-64 -40 18
-64 -40 18
-63 -40 18
-63 -40 18
-62 -40 18
-62 -40 18
-62 -40 18
-63 -40 18
-63 -40 18
-63 -40 18
-58 -40 18
-58 -40 18
-58 -40 18
-58 -41 18
-58 -41 18
-58 -41 18
-56 -41 18
-56 -41 18
-56 -41 18