2.000000	0.000990	0.088496	0.009901	
3.000000	0.088496	8.938132	0.000000	
2.000000	0.000980	0.087586	0.009804	
3.000000	0.087586	8.933812	0.000000	
2.000000	0.000971	0.086688	0.009709	
3.000000	0.086688	8.928891	0.000000	
2.000000	0.000962	0.085819	0.009615	
3.000000	0.085819	8.925150	0.000000	
2.000000	0.000952	0.084962	0.009524	
3.000000	0.084962	8.921013	0.000000	
2.000000	0.000943	0.084117	0.009434	
3.000000	0.084117	8.916416	0.000000	
1.000000	0.000943	0.000000	0.000000	0.000000	
1.000000	0.000943	0.321217	0.000000	0.321217	
2.000000	0.001620	0.047493	0.016201	
3.000000	6.027493	8.911443	5.980000	
1.000000	0.001620	0.972504	0.321217	0.651288	
2.000000	0.004231	0.092478	0.042308	
3.000000	6.812478	8.905843	6.720000	
1.000000	0.004231	1.575753	0.972504	0.603249	
1.000000	0.010875	2.004431	1.575753	0.428677	
2.000000	0.018165	0.123428	0.181648	
3.000000	8.343428	8.899490	8.220000	
1.000000	0.018165	2.564549	2.004431	0.560119	
1.000000	0.044213	2.963626	2.564549	0.399076	
2.000000	0.046393	-0.379950	0.463929	
3.000000	9.330050	8.891017	9.710000	
1.000000	0.046393	3.579064	2.963626	0.615439	
1.000000	0.121069	3.899217	3.579064	0.320152	
2.000000	0.067846	-1.573337	0.678455	
3.000000	9.626663	8.881002	11.200000	
1.000000	0.067846	4.628453	3.899217	0.729236	
2.000000	0.066983	-2.030269	0.669832	
3.000000	9.869731	8.868986	11.900000	
1.000000	0.066983	5.147518	4.628453	0.519065	
1.000000	0.154568	5.550574	5.147518	0.403055	
2.000000	0.075264	-3.421270	0.752644	
3.000000	9.978730	8.854334	13.400000	
1.000000	0.075264	6.107238	5.550574	0.556664	
2.000000	0.064587	-3.464408	0.645869	
3.000000	10.735592	8.836048	14.200000	
1.000000	0.064587	6.658769	6.107238	0.551531	
1.000000	0.155477	7.216652	6.658769	0.557883	
1.000000	0.377342	7.699941	7.216652	0.483288	
2.000000	0.089250	-6.771543	0.892497	
3.000000	9.628457	8.812811	16.400000	
1.000000	0.089250	8.135036	7.699941	0.435095	
1.000000	0.183810	8.810205	8.135036	0.675169	
2.000000	0.083761	-7.637377	0.837611	
3.000000	10.262623	8.781951	17.900000	
1.000000	0.083761	9.368255	8.810205	0.558050	
2.000000	0.067033	-6.610089	0.670328	
3.000000	11.989911	8.739023	18.600000	
1.000000	0.067033	9.723974	9.368255	0.355719	
1.000000	0.123204	10.295154	9.723974	0.571180	
2.000000	0.075256	-8.599948	0.752563	
3.000000	11.500052	8.672457	20.100000	
1.000000	0.075256	10.787300	10.295154	0.492145	
2.000000	0.062625	-7.726815	0.626249	
3.000000	13.173185	8.561759	20.900000	
1.000000	0.062625	11.775015	10.787300	0.987715	
2.000000	0.071217	-10.009717	0.712174	
3.000000	12.390283	8.344839	22.400000	
1.000000	0.071217	12.249505	11.775015	0.474490	
1.000000	0.154835	12.730694	12.249505	0.481189	
2.000000	0.077257	-11.875036	0.772570	
3.000000	11.924964	8.429178	23.800000	
1.000000	0.077257	13.289000	12.730694	0.558307	
2.000000	0.065230	-10.464763	0.652301	
3.000000	14.135237	8.557146	24.600000	
1.000000	0.065230	14.018780	13.289000	0.729779	
1.000000	0.195177	14.348167	14.018780	0.329387	
2.000000	0.077525	-13.402261	0.775246	
3.000000	12.597739	8.712246	26.000000	
1.000000	0.077525	14.986610	14.348167	0.638444	
1.000000	0.208115	15.225588	14.986610	0.238978	
2.000000	0.076160	-16.094838	0.761604	
3.000000	11.405162	6.367172	27.500000	
1.000000	0.076160	15.963679	15.225588	0.738092	
2.000000	0.069704	-13.925467	0.697041	
3.000000	14.374533	8.322025	28.300000	
1.000000	0.069704	16.324623	15.963679	0.360944	
1.000000	0.129104	16.893766	16.324623	0.569143	
2.000000	0.076070	-17.077184	0.760697	
3.000000	12.722816	7.350611	29.800000	
1.000000	0.076070	17.464174	16.893766	0.570408	
2.000000	0.065230	-15.906615	0.652297	
3.000000	14.593385	6.114450	30.500000	
1.000000	0.065230	17.944417	17.464174	0.480243	
1.000000	0.142926	18.591851	17.944417	0.647434	
2.000000	0.079504	-19.405142	0.795043	
3.000000	12.594858	7.592330	32.000000	
1.000000	0.079504	18.923508	18.591851	0.331657	
2.000000	0.058504	-16.407768	0.585038	
3.000000	16.292232	4.654350	32.700000	
1.000000	0.058504	19.442565	18.923508	0.519057	
1.000000	0.135000	19.850794	19.442565	0.408229	
2.000000	0.072805	-23.483324	0.728053	
3.000000	10.716676	1.945034	34.200000	
1.000000	0.072805	20.433080	19.850794	0.582286	
1.000000	0.182277	21.158295	20.433080	0.725215	
2.000000	0.084436	-27.650780	0.844364	
3.000000	8.049220	2.952531	35.700000	
1.000000	0.084436	21.560672	21.158295	0.402378	
2.000000	0.062414	-20.488497	0.624142	
3.000000	15.911503	3.573338	36.400000	
1.000000	0.062414	21.994175	21.560672	0.433503	
1.000000	0.128257	22.642888	21.994175	0.648713	
2.000000	0.077710	-26.553595	0.777102	
3.000000	11.346405	3.729953	37.900000	
1.000000	0.077710	23.050922	22.642888	0.408034	
2.000000	0.060640	-20.309422	0.606400	
3.000000	18.290578	5.108210	38.600000	
1.000000	0.060640	23.764749	23.050922	0.713827	
1.000000	0.178112	24.086199	23.764749	0.321450	
2.000000	0.075671	-25.537505	0.756706	
3.000000	14.562495	6.351731	40.100000	
1.000000	0.075671	24.636920	24.086199	0.550721	
2.000000	0.064535	-21.206185	0.645349	
3.000000	19.693815	8.039993	40.900000	
1.000000	0.064535	25.350446	24.636920	0.713526	
1.000000	0.189486	25.834079	25.350446	0.483633	
2.000000	0.080661	-28.660576	0.806610	
3.000000	13.639424	6.767855	42.300000	
1.000000	0.080661	26.304184	25.834079	0.470106	
1.000000	0.174325	26.623402	26.304184	0.319217	
2.000000	0.075210	-26.982966	0.752097	
3.000000	16.817034	7.923047	43.800000	
1.000000	0.075210	27.237644	26.623402	0.614242	
2.000000	0.066214	-24.060108	0.662139	
3.000000	20.539892	8.263066	44.600000	
1.000000	0.066214	27.836626	27.237644	0.598983	
1.000000	0.169292	28.188243	27.836626	0.351616	
2.000000	0.075566	-29.061220	0.755665	
3.000000	17.038780	7.642191	46.100000	
1.000000	0.075566	28.901981	28.188243	0.713738	
1.000000	0.221931	29.334571	28.901981	0.432590	
2.000000	0.081997	-34.921235	0.819973	
3.000000	12.678765	5.011735	47.600000	
1.000000	0.081997	29.844014	29.334571	0.509443	
2.000000	0.065135	-27.101033	0.651354	
3.000000	21.198967	6.692788	48.300000	
1.000000	0.065135	30.382923	29.844014	0.538909	
1.000000	0.154256	30.784914	30.382923	0.401991	
2.000000	0.075199	-33.148825	0.751986	
3.000000	16.651175	5.718291	49.800000	
1.000000	0.075199	31.436820	30.784914	0.651906	
2.000000	0.067235	-29.673732	0.672348	
3.000000	20.826268	6.365487	50.500000	
1.000000	0.067235	31.866746	31.436820	0.429926	
1.000000	0.137474	32.425703	31.866746	0.558957	
2.000000	0.076964	-34.008234	0.769644	
3.000000	17.991766	7.813011	52.000000	
1.000000	0.076964	33.058455	32.425703	0.632752	
2.000000	0.067232	-31.839898	0.672322	
3.000000	20.960102	5.441890	52.800000	
1.000000	0.067232	33.494204	33.058455	0.435749	
1.000000	0.138591	34.008931	33.494204	0.514727	
2.000000	0.076076	-38.791521	0.760756	
3.000000	15.408479	3.209221	54.200000	
1.000000	0.076076	34.447178	34.008931	0.438247	
2.000000	0.061145	-31.485672	0.611449	
3.000000	23.514328	3.506461	55.000000	
1.000000	0.061145	35.163104	34.447178	0.715926	
1.000000	0.180035	35.694037	35.163104	0.530932	
2.000000	0.080841	-42.912347	0.808414	
3.000000	13.587653	3.417838	56.500000	
1.000000	0.080841	36.065576	35.694037	0.371540	
2.000000	0.060329	-31.032750	0.603289	
3.000000	26.167250	5.760692	57.200000	
1.000000	0.060329	36.662597	36.065576	0.597020	
1.000000	0.153867	36.982367	36.662597	0.319770	
2.000000	0.072826	-37.247480	0.728264	
3.000000	21.452520	7.554453	58.700000	
1.000000	0.072826	37.589867	36.982367	0.607500	
1.000000	0.188188	38.273290	37.589867	0.683423	
1.000000	0.533308	38.718062	38.273290	0.444772	
2.000000	0.091757	-47.658330	0.917574	
3.000000	13.241670	8.960500	60.900000	
1.000000	0.091757	39.197930	38.718062	0.479868	
1.000000	0.200950	39.520293	39.197930	0.322363	
2.000000	0.077846	-42.061462	0.778462	
3.000000	18.238538	6.268491	60.300000	
1.000000	0.077846	40.108368	39.520293	0.588075	
1.000000	0.196327	40.517382	40.108368	0.409014	
2.000000	0.079582	-43.845237	0.795823	
3.000000	14.954763	3.705803	58.800000	
1.000000	0.079582	41.163710	40.517382	0.646328	
2.000000	0.068324	-38.851272	0.683243	
3.000000	19.248728	1.236968	58.100000	
1.000000	0.068324	41.521752	41.163710	0.358042	
1.000000	0.126009	42.095657	41.521752	0.573906	
2.000000	0.075737	-40.574421	0.757368	
3.000000	16.025579	3.027073	56.600000	
1.000000	0.075737	42.760842	42.095657	0.665185	
2.000000	0.067743	-34.016846	0.677426	
3.000000	21.883154	5.685122	55.900000	
1.000000	0.067743	43.191361	42.760842	0.430519	
1.000000	0.138627	43.705548	43.191361	0.514187	
2.000000	0.076067	-36.217642	0.760674	
3.000000	18.182358	6.787415	54.400000	
1.000000	0.076067	44.124804	43.705548	0.419256	
2.000000	0.060509	-29.722018	0.605089	
3.000000	23.977982	4.579913	53.700000	
1.000000	0.060509	44.819451	44.124804	0.694647	
1.000000	0.173771	45.383886	44.819451	0.564435	
2.000000	0.080963	-37.553739	0.809632	
3.000000	14.746261	5.916260	52.300000	
1.000000	0.080963	45.758508	45.383886	0.374622	
1.000000	0.152987	46.318321	45.758508	0.559813	
1.000000	0.372220	46.715675	46.318321	0.397353	
2.000000	0.087905	-40.894876	0.879051	
3.000000	9.205124	3.578381	50.100000	
1.000000	0.087905	47.285588	46.715675	0.569913	
1.000000	0.216653	48.013231	47.285588	0.727643	
2.000000	0.086607	-40.979523	0.866070	
3.000000	7.620477	1.283338	48.600000	
1.000000	0.086607	48.490466	48.013231	0.477235	
2.000000	0.065397	-29.933935	0.653974	
3.000000	17.966065	2.127646	47.900000	
1.000000	0.065397	48.949022	48.490466	0.458556	
1.000000	0.139126	49.265162	48.949022	0.316139	
2.000000	0.070674	-32.015028	0.706742	
3.000000	14.384972	1.100531	46.400000	
1.000000	0.070674	49.903176	49.265162	0.638014	
2.000000	0.065473	-28.661688	0.654726	
3.000000	17.138312	2.023403	45.800000	
1.000000	0.065473	50.678250	49.903176	0.775074	
1.000000	0.206297	50.920911	50.678250	0.242661	
2.000000	0.076109	-31.114672	0.761088	
3.000000	13.285328	3.518192	44.400000	
1.000000	0.076109	51.534246	50.920911	0.613335	
2.000000	0.066454	-26.370811	0.664542	
3.000000	17.329189	4.017306	43.700000	
1.000000	0.066454	52.111318	51.534246	0.577073	
1.000000	0.165282	52.437122	52.111318	0.325803	
2.000000	0.074393	-27.334020	0.743935	
3.000000	14.865980	5.457500	42.200000	
1.000000	0.074393	53.074760	52.437122	0.637639	
1.000000	0.199513	53.480066	53.074760	0.405305	
2.000000	0.079758	-29.377578	0.797577	
3.000000	11.322422	3.866462	40.700000	
1.000000	0.079758	54.115096	53.480066	0.635031	
2.000000	0.068073	-23.637659	0.680734	
3.000000	16.362341	5.276207	40.000000	
1.000000	0.068073	54.647513	54.115096	0.532417	
1.000000	0.159857	55.052905	54.647513	0.405392	
2.000000	0.075946	-23.163790	0.759463	
3.000000	15.436210	8.099798	38.600000	
1.000000	0.075946	55.697237	55.052905	0.644333	
2.000000	0.067250	-18.492895	0.672503	
3.000000	19.307105	10.301380	37.800000	
1.000000	0.067250	56.682019	55.697237	0.984782	
2.000000	0.072597	-20.749089	0.725970	
3.000000	15.650911	7.818787	36.400000	
1.000000	0.072597	57.239374	56.682019	0.557355	
2.000000	0.063778	-18.293111	0.637777	
3.000000	17.406889	7.017407	35.700000	
1.000000	0.063778	57.873777	57.239374	0.634403	
1.000000	0.170368	58.275859	57.873777	0.402082	
2.000000	0.077007	-21.613857	0.770070	
3.000000	12.686143	6.232600	34.300000	
1.000000	0.077007	58.908746	58.275859	0.632888	
1.000000	0.205325	59.232398	58.908746	0.323652	
2.000000	0.078249	-19.998184	0.782486	
3.000000	12.901816	7.342770	32.900000	
1.000000	0.078249	59.882117	59.232398	0.649718	
2.000000	0.068047	-16.446663	0.680470	
3.000000	15.653337	7.930420	32.100000	
1.000000	0.068047	60.251969	59.882117	0.369852	
1.000000	0.127690	60.896144	60.251969	0.644175	
1.000000	0.345185	61.299209	60.896144	0.403065	
2.000000	0.087172	-17.724976	0.871717	
3.000000	12.275024	9.666604	30.000000	
1.000000	0.087172	61.916842	61.299209	0.617633	
1.000000	0.228105	62.476509	61.916842	0.559667	
1.000000	0.554880	62.797719	62.476509	0.321210	
2.000000	0.090642	-17.156232	0.906419	
3.000000	10.643768	8.872521	27.800000	
1.000000	0.090642	63.492053	62.797719	0.694334	
1.000000	0.260212	64.056662	63.492053	0.564610	
2.000000	0.086431	-16.587332	0.864315	
3.000000	9.712668	7.108689	26.300000	
1.000000	0.086431	64.530799	64.056662	0.474137	
2.000000	0.065256	-13.685116	0.652564	
3.000000	11.914884	4.628688	25.600000	
1.000000	0.065256	65.065702	64.530799	0.534903	
1.000000	0.153739	65.626316	65.065702	0.560614	
2.000000	0.078922	-14.158423	0.789223	
3.000000	10.041577	6.260291	24.200000	
1.000000	0.078922	66.019984	65.626316	0.393668	
2.000000	0.060520	-11.441672	0.605198	
3.000000	11.958328	4.494339	23.400000	
1.000000	0.060520	66.622605	66.019984	0.602621	
1.000000	0.155439	66.973614	66.622605	0.351009	
2.000000	0.073939	-13.439122	0.739387	
3.000000	8.560878	3.823968	22.000000	
1.000000	0.073939	67.567775	66.973614	0.594161	
2.000000	0.065266	-11.203178	0.652662	
3.000000	10.096822	4.134640	21.300000	
1.000000	0.065266	68.262537	67.567775	0.694762	
1.000000	0.187459	68.613033	68.262537	0.350496	
2.000000	0.077370	-13.455941	0.773702	
3.000000	6.444059	2.508359	19.900000	
1.000000	0.077370	69.145078	68.613033	0.532045	
1.000000	0.181600	69.548237	69.145078	0.403159	
2.000000	0.078144	-11.752889	0.781442	
3.000000	6.647111	3.360003	18.400000	
1.000000	0.078144	70.182383	69.548237	0.634146	
2.000000	0.067604	-9.757347	0.676039	
3.000000	7.942653	3.266885	17.700000	
1.000000	0.067604	70.832253	70.182383	0.649870	
1.000000	0.184022	71.228925	70.832253	0.396672	
2.000000	0.078212	-11.749062	0.782121	
3.000000	4.450938	1.177958	16.200000	
1.000000	0.078212	71.720672	71.228925	0.491747	
2.000000	0.063510	-8.021573	0.635098	
3.000000	7.478427	2.869550	15.500000	
1.000000	0.063510	72.417520	71.720672	0.696848	
1.000000	0.182863	72.738406	72.417520	0.320886	
2.000000	0.076136	-10.298832	0.761364	
3.000000	3.701168	0.473188	14.000000	
1.000000	0.076136	73.337697	72.738406	0.599291	
1.000000	0.194737	73.818367	73.337697	0.480670	
2.000000	0.081022	-5.347479	0.810224	
3.000000	7.252521	6.000000	12.600000	
1.000000	0.081022	74.377626	73.818367	0.559260	
2.000000	0.066329	-1.596315	0.663287	
3.000000	10.203685	9.393328	11.800000	
1.000000	0.066329	74.732920	74.377626	0.355294	
1.000000	0.121834	75.303361	74.732920	0.570441	
2.000000	0.075030	-0.947763	0.750298	
3.000000	9.352237	9.036817	10.300000	
1.000000	0.075030	75.965081	75.303361	0.661721	
2.000000	0.067446	-0.549394	0.674459	
3.000000	9.100606	8.835430	9.650000	
1.000000	0.067446	76.958123	75.965081	0.993042	
2.000000	0.072819	0.376712	0.728194	
3.000000	8.586712	8.727324	8.210000	
1.000000	0.072819	77.561636	76.958123	0.603513	
2.000000	0.065186	0.753428	0.651856	
3.000000	8.223428	8.625820	7.470000	
1.000000	0.065186	77.984526	77.561636	0.422890	
1.000000	0.131976	78.632800	77.984526	0.648274	
2.000000	0.078192	1.979220	0.781922	
3.000000	8.009220	8.561223	6.030000	
1.000000	0.078192	79.104228	78.632800	0.471428	
1.000000	0.169294	79.510892	79.104228	0.406664	
2.000000	0.077011	3.079475	0.770106	
3.000000	7.629475	8.548768	4.550000	
1.000000	0.077011	80.159011	79.510892	0.648119	
2.000000	0.067657	2.866929	0.676568	
3.000000	6.696929	8.067462	3.830000	
1.000000	0.067657	80.710972	80.159011	0.551960	
1.000000	0.162957	81.113429	80.710972	0.402458	
1.000000	0.320518	81.924785	81.113429	0.811356	
2.000000	0.091317	5.164725	0.913166	
3.000000	6.794725	7.285846	1.630000	
1.000000	0.091317	82.326222	81.924785	0.401437	
2.000000	0.064202	3.831223	0.642024	
3.000000	4.731223	6.867417	0.900000	
1.000000	0.064202	82.987712	82.326222	0.661490	
1.000000	0.177234	83.549995	82.987712	0.562283	
2.000000	0.081223	6.510893	0.812235	
3.000000	6.110893	7.616026	-0.400000	
